0.15157 0.30997 0.45227 0.53632 0.57292 0.58108 0.55603 0.51544 0.478 0.44502 0.4125 0.38681 0.37263 0.35878 0.34595 0.3268 0.32357 0.32816 0.3283 0.33309 0.33513 0.33422 0.32548 0.32075 0.3194 0.31921 0.32265 0.33163 0.34448 0.35703 0.36284 0.37493 0.38542 0.38463 0.38877 0.38946 0.39092 0.39684 0.4096 0.42031
0.09576 0.18625 0.26506 0.3213 0.35109 0.36148 0.34922 0.32997 0.3083 0.28883 0.27259 0.25766 0.25082 0.2467 0.24343 0.23557 0.23522 0.23445 0.22619 0.2182 0.2135 0.21126 0.20537 0.20044 0.19996 0.204 0.21622 0.22851 0.23568 0.24372 0.24995 0.25637 0.26523 0.26921 0.27633 0.27918 0.2788 0.27867 0.2815 0.28449
0.084312 0.16558 0.24123 0.29491 0.32148 0.32823 0.32093 0.30787 0.29103 0.2736 0.26236 0.25746 0.25916 0.2581 0.25303 0.24237 0.23532 0.22932 0.22149 0.21326 0.20309 0.19803 0.19109 0.18623 0.18812 0.19365 0.20364 0.21428 0.22113 0.22452 0.22845 0.22878 0.23257 0.24005 0.24864 0.24812 0.24254 0.23879 0.24042 0.24322
0.077484 0.15397 0.22223 0.27673 0.30739 0.323 0.32103 0.31078 0.30019 0.2868 0.27173 0.26082 0.25557 0.251 0.24465 0.23899 0.23121 0.23074 0.2259 0.22016 0.21142 0.20186 0.19442 0.19534 0.19852 0.20037 0.20126 0.19984 0.20218 0.20776 0.21685 0.22117 0.22379 0.22964 0.23386 0.23703 0.23992 0.24201 0.24437 0.24919
0.075567 0.16413 0.22114 0.25798 0.28239 0.29788 0.29609 0.29127 0.28195 0.26691 0.25204 0.24102 0.23604 0.23536 0.23176 0.22975 0.2257 0.22695 0.22763 0.22746 0.22212 0.21221 0.2052 0.20491 0.20716 0.20496 0.19922 0.1959 0.20096 0.20789 0.21829 0.22077 0.22092 0.22594 0.2262 0.22316 0.22175 0.21906 0.22515 0.23129
0.070047 0.16068 0.22402 0.26656 0.30599 0.33306 0.33577 0.33545 0.32797 0.31371 0.29596 0.28473 0.27888 0.27432 0.26842 0.26028 0.24947 0.24514 0.24754 0.24396 0.23965 0.23083 0.22632 0.22377 0.22289 0.21728 0.20802 0.20159 0.19533 0.19426 0.19384 0.19101 0.19167 0.20244 0.21118 0.21352 0.21626 0.21789 0.22963 0.23878
0.05601 0.13149 0.19184 0.23919 0.28202 0.30824 0.31348 0.31321 0.30444 0.2915 0.2759 0.26324 0.26003 0.26024 0.26652 0.27778 0.27793 0.27358 0.27083 0.26696 0.26326 0.25717 0.25172 0.24768 0.24332 0.24426 0.24001 0.23522 0.23419 0.23822 0.24043 0.23979 0.23915 0.24652 0.25588 0.25896 0.26223 0.25952 0.25991 0.25599
0.063203 0.13682 0.18992 0.2338 0.26514 0.27714 0.28096 0.28467 0.28538 0.28012 0.26947 0.26198 0.26496 0.27236 0.28363 0.29875 0.30242 0.30432 0.3073 0.30905 0.30858 0.30322 0.2908 0.28161 0.27179 0.26337 0.2549 0.2459 0.24323 0.24335 0.24502 0.24291 0.2414 0.25567 0.26531 0.26895 0.2712 0.26747 0.2632 0.25814
0.059042 0.13936 0.20452 0.24896 0.28061 0.30715 0.31758 0.32117 0.3195 0.31636 0.31138 0.30448 0.30085 0.3083 0.32319 0.33369 0.33471 0.33255 0.32983 0.32817 0.3227 0.31884 0.30728 0.3009 0.29846 0.29117 0.28233 0.28 0.2863 0.2908 0.29726 0.29397 0.28691 0.29385 0.29899 0.30216 0.30291 0.29708 0.2876 0.27885
0.038865 0.1072 0.16974 0.21855 0.25114 0.28485 0.30513 0.31963 0.32688 0.32695 0.31809 0.31082 0.31401 0.32385 0.34026 0.3482 0.34672 0.35019 0.34602 0.34443 0.34195 0.33261 0.32006 0.31662 0.31836 0.32006 0.31431 0.31315 0.31432 0.31574 0.31671 0.30925 0.30582 0.31999 0.32849 0.33396 0.33833 0.33962 0.33072 0.31717
0.042101 0.12754 0.2008 0.25601 0.29328 0.31818 0.32822 0.33419 0.32854 0.32488 0.3178 0.31692 0.32466 0.33454 0.34502 0.34291 0.33687 0.33445 0.32866 0.3211 0.31567 0.30744 0.28999 0.28091 0.28376 0.28589 0.28604 0.28666 0.29097 0.29677 0.29986 0.29648 0.30031 0.30797 0.30982 0.30557 0.29856 0.29449 0.28956 0.2825
0.039987 0.11234 0.18825 0.24687 0.28929 0.32665 0.34105 0.35277 0.34966 0.34348 0.33224 0.33197 0.33151 0.33446 0.33535 0.33186 0.32692 0.31978 0.31992 0.31527 0.30354 0.29461 0.28003 0.27528 0.27717 0.27417 0.27121 0.27031 0.26925 0.2709 0.26826 0.26459 0.26601 0.26922 0.27206 0.27415 0.27881 0.2787 0.27968 0.28257
0.047358 0.11851 0.20131 0.26696 0.31688 0.36932 0.39251 0.39897 0.38958 0.37733 0.36135 0.34954 0.3327 0.3212 0.31282 0.30703 0.29592 0.28491 0.28227 0.27769 0.26911 0.26427 0.25456 0.25362 0.25081 0.24684 0.24199 0.23717 0.23398 0.23807 0.24033 0.23593 0.24444 0.2475 0.24917 0.25144 0.26291 0.26325 0.26192 0.26164
0.066478 0.14628 0.23502 0.30261 0.3517 0.41239 0.4446 0.45073 0.44067 0.42675 0.40741 0.38525 0.3613 0.33868 0.31784 0.29558 0.27669 0.26343 0.25689 0.25221 0.24391 0.23941 0.23778 0.2403 0.24624 0.25452 0.26253 0.26457 0.26411 0.26349 0.26242 0.25775 0.25783 0.25535 0.2511 0.25003 0.25449 0.25 0.2388 0.23298
0.071371 0.16073 0.24911 0.32197 0.37676 0.41118 0.43106 0.43422 0.42311 0.41012 0.39221 0.37801 0.36441 0.35053 0.34057 0.32327 0.3073 0.2929 0.2795 0.26866 0.26039 0.25489 0.25445 0.25227 0.25009 0.25212 0.25484 0.25346 0.25453 0.25431 0.25085 0.24611 0.2432 0.24156 0.23894 0.23904 0.24812 0.25009 0.24226 0.23475
0.063649 0.14286 0.23157 0.30344 0.35576 0.38862 0.3974 0.39401 0.38378 0.37243 0.35992 0.35468 0.35324 0.34416 0.34037 0.33195 0.32243 0.31331 0.30376 0.29688 0.28704 0.27936 0.27054 0.26313 0.25675 0.25511 0.25491 0.25332 0.24804 0.2416 0.24091 0.24287 0.24369 0.2443 0.24093 0.2382 0.23839 0.23719 0.22973 0.22795
0.072803 0.15275 0.23898 0.30888 0.35598 0.40065 0.4195 0.41683 0.40642 0.39285 0.3782 0.37074 0.38037 0.38308 0.38472 0.37534 0.36455 0.35664 0.34746 0.33976 0.3261 0.31774 0.31344 0.31593 0.30704 0.30679 0.30798 0.31059 0.30368 0.297 0.29802 0.30141 0.30145 0.30097 0.29706 0.29206 0.28981 0.28792 0.27843 0.27052
0.057021 0.13849 0.24002 0.31169 0.36101 0.41619 0.44575 0.44949 0.43719 0.42902 0.41862 0.39978 0.40003 0.39836 0.4056 0.40128 0.40247 0.40317 0.40484 0.3999 0.38244 0.37044 0.3719 0.38274 0.37972 0.371 0.36451 0.35946 0.34722 0.33819 0.33969 0.34169 0.33989 0.3373 0.33573 0.32914 0.32734 0.33382 0.32857 0.31494
0.055782 0.14349 0.23446 0.30153 0.34626 0.39531 0.41896 0.42965 0.42065 0.41521 0.41924 0.41093 0.40755 0.41313 0.42774 0.43686 0.44812 0.46015 0.47249 0.46463 0.44638 0.43051 0.42191 0.435 0.43439 0.42801 0.42417 0.42094 0.41065 0.40413 0.40425 0.40711 0.40505 0.40409 0.40699 0.40196 0.39751 0.40258 0.40154 0.38909
0.064685 0.16587 0.26801 0.35408 0.40268 0.42972 0.43141 0.4264 0.41013 0.39357 0.39463 0.39034 0.39839 0.4125 0.43873 0.45948 0.49076 0.5091 0.51637 0.50554 0.48635 0.4724 0.45715 0.45588 0.4427 0.43133 0.43312 0.44129 0.43755 0.43054 0.42862 0.42919 0.4305 0.42928 0.43317 0.43307 0.44133 0.45165 0.44383 0.42924
0.056233 0.1345 0.22087 0.30928 0.36333 0.39297 0.39635 0.39104 0.38017 0.36623 0.35336 0.35305 0.38295 0.40306 0.42069 0.44131 0.49115 0.52568 0.5406 0.54065 0.53282 0.52591 0.51079 0.49627 0.47861 0.46172 0.45287 0.45394 0.45342 0.45175 0.4443 0.43598 0.42939 0.41869 0.42714 0.43485 0.45731 0.47726 0.46495 0.44838
0.044393 0.12409 0.20826 0.28967 0.35427 0.38462 0.38948 0.38161 0.37019 0.35684 0.34198 0.34657 0.38031 0.40564 0.42386 0.45724 0.50671 0.55711 0.57795 0.59324 0.59934 0.59811 0.59149 0.57586 0.55241 0.53884 0.53896 0.53477 0.5352 0.53078 0.51977 0.50932 0.49716 0.47988 0.47583 0.47755 0.49497 0.50936 0.50002 0.48837
0.038745 0.11309 0.19666 0.27474 0.34823 0.38628 0.40107 0.39977 0.40275 0.39763 0.38511 0.37378 0.37904 0.39042 0.40797 0.44559 0.473 0.50396 0.51967 0.54843 0.58808 0.60827 0.61891 0.61944 0.59971 0.58122 0.56965 0.55844 0.55095 0.5391 0.51941 0.50889 0.50292 0.498 0.49278 0.49729 0.50907 0.51642 0.51088 0.51214
0.037596 0.1022 0.17721 0.23732 0.31557 0.36704 0.39889 0.41378 0.42935 0.43372 0.42373 0.40781 0.41059 0.43558 0.46091 0.48231 0.5017 0.51103 0.52051 0.53936 0.57084 0.59488 0.61622 0.63764 0.63301 0.60848 0.5858 0.56928 0.55627 0.54431 0.53161 0.52224 0.51596 0.51312 0.51256 0.52328 0.52397 0.51644 0.50362 0.49558
0.044788 0.11779 0.18964 0.24757 0.3109 0.36249 0.40039 0.42897 0.44936 0.47237 0.48423 0.47945 0.49112 0.51903 0.5528 0.57966 0.61324 0.62067 0.61283 0.60596 0.61518 0.62485 0.6325 0.65854 0.66603 0.64488 0.61556 0.59452 0.58161 0.56978 0.55283 0.54361 0.53782 0.53489 0.53338 0.53376 0.52262 0.50728 0.48419 0.45549
0.050364 0.13374 0.20424 0.26511 0.30957 0.33598 0.3546 0.37429 0.39255 0.42192 0.45314 0.46047 0.47032 0.4747 0.50217 0.54122 0.5979 0.6153 0.60187 0.58035 0.57776 0.59524 0.61682 0.64283 0.65299 0.63774 0.62272 0.61506 0.61012 0.60561 0.58444 0.56249 0.54836 0.52992 0.53279 0.54283 0.54337 0.53393 0.51653 0.49084
0.051904 0.15208 0.23702 0.30981 0.35711 0.37884 0.38917 0.40412 0.42228 0.44009 0.4788 0.49544 0.51013 0.50554 0.49599 0.49021 0.48799 0.47981 0.47609 0.47491 0.47789 0.51923 0.55762 0.56608 0.58533 0.59989 0.61526 0.62842 0.61783 0.61066 0.59347 0.56534 0.54988 0.53915 0.55352 0.55611 0.55574 0.54418 0.52949 0.51421
0.047609 0.1609 0.27095 0.35465 0.40565 0.43388 0.4423 0.44495 0.45905 0.47504 0.51378 0.54208 0.56069 0.55884 0.54662 0.53639 0.52372 0.51659 0.5168 0.5354 0.54299 0.55019 0.54721 0.5359 0.55266 0.57441 0.58174 0.58671 0.57895 0.57278 0.57831 0.5696 0.57359 0.5895 0.61037 0.60559 0.60094 0.59132 0.57937 0.55301
0.04105 0.11767 0.22134 0.29814 0.37003 0.42908 0.46683 0.47943 0.50532 0.51838 0.53662 0.55209 0.55365 0.55476 0.55324 0.55653 0.54935 0.56023 0.57799 0.61068 0.6264 0.61665 0.6008 0.58076 0.58323 0.58764 0.57403 0.5597 0.55405 0.54977 0.58514 0.60976 0.63229 0.63483 0.62668 0.60416 0.58851 0.58274 0.57445 0.55458
0.039606 0.10582 0.1934 0.27018 0.34932 0.43272 0.49681 0.53434 0.57681 0.60159 0.60919 0.60643 0.59396 0.61339 0.62914 0.6363 0.62409 0.64129 0.66767 0.67695 0.70134 0.70544 0.68507 0.65857 0.64607 0.63349 0.60637 0.59114 0.60278 0.60548 0.63654 0.65778 0.67645 0.66892 0.65743 0.64238 0.63524 0.63878 0.64241 0.63814
0.044601 0.12553 0.21356 0.29139 0.35566 0.41792 0.45584 0.49655 0.53958 0.57188 0.58396 0.59652 0.59619 0.64714 0.69048 0.71005 0.6999 0.71304 0.72309 0.72671 0.75898 0.78871 0.77719 0.75399 0.76124 0.7712 0.74956 0.73602 0.73205 0.72212 0.70302 0.68945 0.67204 0.66332 0.66087 0.67153 0.67525 0.69065 0.70003 0.68222
0.043382 0.10685 0.17784 0.22825 0.28451 0.32688 0.36383 0.42756 0.50178 0.55798 0.59557 0.65001 0.67915 0.71349 0.7313 0.73625 0.72396 0.71932 0.71155 0.70909 0.71153 0.72711 0.73377 0.73413 0.78625 0.84944 0.85176 0.8453 0.82659 0.81445 0.79645 0.80508 0.78233 0.78269 0.78328 0.79055 0.78852 0.80881 0.83516 0.81398
0.045722 0.12659 0.19658 0.2466 0.28535 0.30741 0.33857 0.40094 0.46671 0.52283 0.56586 0.63121 0.6875 0.70062 0.70857 0.73028 0.72683 0.73241 0.73284 0.724 0.71212 0.69005 0.68033 0.66994 0.68299 0.70369 0.68905 0.67855 0.67939 0.69204 0.69494 0.73791 0.76131 0.78121 0.77099 0.73747 0.72733 0.75232 0.78657 0.78714
0.03909 0.11587 0.19027 0.25832 0.29795 0.32323 0.36212 0.41549 0.46548 0.53276 0.59306 0.62432 0.67124 0.69386 0.71167 0.754 0.76711 0.77453 0.79443 0.8042 0.81735 0.80233 0.78894 0.77484 0.7384 0.69053 0.65001 0.63886 0.65078 0.66652 0.66126 0.66693 0.68565 0.67827 0.64162 0.60281 0.60707 0.6176 0.63585 0.65008
0.038718 0.0995 0.1656 0.25005 0.31204 0.34727 0.38603 0.44888 0.49973 0.55142 0.62114 0.66006 0.70154 0.70733 0.70461 0.7041 0.73414 0.74653 0.76433 0.78273 0.81725 0.83238 0.81118 0.79006 0.74695 0.70217 0.68117 0.6666 0.65037 0.66103 0.66 0.66122 0.66566 0.65377 0.62298 0.60789 0.60486 0.58308 0.56766 0.55108
0.047066 0.12143 0.19779 0.25991 0.31327 0.34695 0.36551 0.39883 0.45951 0.51952 0.56347 0.60369 0.6365 0.66295 0.68867 0.70519 0.73288 0.75027 0.74065 0.72519 0.72245 0.73722 0.73527 0.72193 0.68993 0.66911 0.69707 0.68401 0.66511 0.66264 0.66358 0.63863 0.61785 0.59468 0.5605 0.5455 0.56212 0.56504 0.54393 0.53092
0.04807 0.13491 0.23237 0.30399 0.37084 0.41977 0.44974 0.46438 0.49367 0.54585 0.57748 0.61919 0.65881 0.69889 0.72774 0.72331 0.71397 0.70203 0.68756 0.69138 0.67656 0.67645 0.69766 0.6977 0.68797 0.67981 0.73195 0.75186 0.77133 0.79167 0.81007 0.7893 0.7631 0.73374 0.69297 0.66058 0.65916 0.67413 0.66338 0.66229
0.054893 0.16799 0.28483 0.38517 0.46272 0.52975 0.56884 0.59003 0.5969 0.60422 0.62275 0.63057 0.64645 0.6567 0.64903 0.64111 0.63382 0.62532 0.63841 0.67905 0.69845 0.70291 0.75556 0.79972 0.82475 0.83847 0.84135 0.85284 0.86167 0.88254 0.89383 0.8745 0.86579 0.8568 0.83588 0.83199 0.80492 0.76992 0.74011 0.7243
0.052654 0.1574 0.26743 0.36199 0.42964 0.47575 0.521 0.54099 0.56174 0.58273 0.61566 0.62759 0.64771 0.63988 0.62865 0.62358 0.61871 0.64509 0.68158 0.69804 0.67379 0.63994 0.63536 0.65019 0.68029 0.69932 0.71044 0.73085 0.73717 0.74507 0.76957 0.75163 0.75672 0.76395 0.76044 0.79528 0.81044 0.80777 0.78489 0.76363
0.057661 0.13953 0.21218 0.2806 0.35896 0.43237 0.51788 0.56822 0.59767 0.61256 0.6286 0.64967 0.661 0.67306 0.69641 0.71503 0.71253 0.74116 0.78394 0.80623 0.79856 0.75196 0.71771 0.7066 0.70448 0.72357 0.72487 0.70708 0.69351 0.6804 0.69978 0.69301 0.67914 0.70494 0.72787 0.7696 0.786 0.79495 0.76234 0.70899
0.048019 0.14832 0.24672 0.31932 0.39567 0.48281 0.58069 0.61937 0.64088 0.6592 0.66345 0.66823 0.66852 0.70841 0.74433 0.7889 0.80479 0.7875 0.76926 0.73992 0.71692 0.68267 0.66975 0.70565 0.75455 0.80365 0.7995 0.76616 0.73909 0.72185 0.69406 0.66624 0.63533 0.6522 0.71258 0.7398 0.72127 0.70226 0.66987 0.63007
0.041569 0.11645 0.21078 0.30905 0.394 0.46877 0.52879 0.56238 0.56216 0.58462 0.60309 0.60763 0.61274 0.65228 0.67761 0.698 0.73775 0.75117 0.7597 0.74951 0.75681 0.77603 0.76155 0.75342 0.74675 0.7405 0.72608 0.70455 0.67991 0.68641 0.6897 0.69988 0.71235 0.73286 0.76849 0.75067 0.70968 0.66951 0.61769 0.56599
0.035793 0.093913 0.1636 0.23586 0.29307 0.3661 0.42335 0.49708 0.53427 0.58038 0.62211 0.63061 0.64772 0.66898 0.70538 0.71463 0.72094 0.73498 0.75174 0.77287 0.78301 0.82655 0.83279 0.79884 0.75815 0.73112 0.7188 0.71102 0.69155 0.6721 0.67378 0.72873 0.80945 0.85539 0.88048 0.86948 0.83718 0.79771 0.74114 0.66718
0.037304 0.11429 0.20478 0.27759 0.31903 0.34697 0.37359 0.42199 0.47148 0.49598 0.51665 0.52154 0.55512 0.58512 0.58664 0.59903 0.61051 0.61484 0.61553 0.62555 0.62902 0.62999 0.62321 0.60598 0.57754 0.55713 0.54916 0.55159 0.57268 0.58283 0.5815 0.62769 0.70461 0.72802 0.72357 0.72567 0.74453 0.76134 0.75045 0.69987
0.043823 0.1423 0.24914 0.36224 0.42636 0.44804 0.47341 0.47582 0.4872 0.48895 0.49895 0.49329 0.52083 0.52963 0.52488 0.53522 0.53691 0.5212 0.5195 0.51551 0.51085 0.51587 0.51531 0.53107 0.54535 0.55573 0.53854 0.52686 0.53041 0.54817 0.5576 0.54661 0.53938 0.52253 0.49838 0.49577 0.53679 0.58702 0.62529 0.63029
0.046452 0.12363 0.20901 0.29846 0.35205 0.38346 0.40664 0.42495 0.45616 0.49012 0.50676 0.49852 0.49629 0.49111 0.47144 0.45742 0.45082 0.43044 0.4113 0.40397 0.39449 0.40314 0.41988 0.44411 0.46959 0.48401 0.48531 0.48866 0.50123 0.55015 0.571 0.5668 0.56575 0.56716 0.55017 0.50844 0.49784 0.51131 0.55322 0.5899
0.04872 0.11843 0.18972 0.25545 0.313 0.36658 0.38809 0.41762 0.45143 0.51502 0.5522 0.56146 0.55359 0.55352 0.53558 0.53196 0.5599 0.5736 0.55909 0.54363 0.52607 0.50587 0.50029 0.48844 0.4919 0.5016 0.51019 0.52872 0.56221 0.58847 0.60941 0.59759 0.59421 0.61641 0.63975 0.61501 0.60945 0.65736 0.6942 0.71333
0.050232 0.15571 0.26579 0.34072 0.39473 0.43327 0.45142 0.49259 0.52502 0.54567 0.55239 0.58075 0.60584 0.62083 0.63254 0.6376 0.65982 0.6869 0.69031 0.6918 0.68758 0.66589 0.65894 0.65214 0.6539 0.66022 0.67135 0.68888 0.70271 0.69179 0.68253 0.65559 0.63403 0.63433 0.66749 0.67036 0.66784 0.67654 0.67036 0.67504
0.049618 0.17313 0.29838 0.40902 0.48605 0.53116 0.54553 0.56577 0.57744 0.55201 0.5476 0.60735 0.68542 0.71758 0.74585 0.77324 0.76178 0.73259 0.71419 0.69521 0.70767 0.69152 0.66926 0.65521 0.64731 0.6438 0.63724 0.65304 0.66687 0.65695 0.63812 0.60859 0.59056 0.58884 0.62078 0.67326 0.69226 0.67273 0.64926 0.61928
0.044398 0.13138 0.20565 0.30426 0.39679 0.46063 0.49936 0.52006 0.54263 0.53904 0.54216 0.57001 0.60117 0.64817 0.67426 0.69464 0.69485 0.68527 0.69386 0.70377 0.69938 0.70005 0.69558 0.68898 0.70016 0.69358 0.67555 0.67679 0.6608 0.65237 0.64742 0.61668 0.60007 0.58893 0.59213 0.6437 0.706 0.71219 0.69124 0.65373
0.032029 0.085842 0.14966 0.20462 0.26871 0.32842 0.3682 0.39088 0.43725 0.48295 0.50534 0.5221 0.51339 0.53507 0.56331 0.58418 0.59631 0.60307 0.61646 0.64686 0.67307 0.71278 0.74935 0.76951 0.79336 0.79654 0.77312 0.7588 0.72669 0.68793 0.66085 0.61602 0.58363 0.59664 0.5958 0.60542 0.6271 0.6225 0.60422 0.59936
0.026194 0.080634 0.13873 0.1942 0.26054 0.31018 0.33688 0.34426 0.35409 0.35796 0.36996 0.37971 0.38957 0.39578 0.44265 0.52078 0.58555 0.615 0.60964 0.59003 0.56979 0.5596 0.54782 0.54457 0.54067 0.53911 0.54681 0.54017 0.54234 0.52287 0.50519 0.46574 0.43167 0.45393 0.48395 0.49456 0.49577 0.47678 0.4678 0.48138
0.026027 0.095807 0.16932 0.24923 0.32664 0.40963 0.46281 0.48605 0.50334 0.515 0.54086 0.55372 0.57852 0.58144 0.59481 0.63851 0.6412 0.63969 0.62993 0.60609 0.57376 0.54007 0.50692 0.49546 0.49221 0.49001 0.52063 0.54423 0.56483 0.56526 0.56967 0.54325 0.50665 0.49967 0.50436 0.50955 0.48875 0.45826 0.44587 0.43001
0.029508 0.1123 0.21975 0.32494 0.40658 0.46944 0.54 0.57721 0.62555 0.69315 0.7617 0.81838 0.86149 0.85017 0.81444 0.78505 0.75372 0.73279 0.73064 0.72244 0.6968 0.67052 0.64475 0.61139 0.6062 0.60491 0.62479 0.66784 0.70532 0.71443 0.72139 0.70345 0.66845 0.65489 0.65019 0.63648 0.60637 0.56698 0.53752 0.50562
0.033712 0.1179 0.2101 0.29381 0.36681 0.44108 0.51815 0.56564 0.61656 0.68957 0.77052 0.81662 0.82783 0.8037 0.76374 0.71968 0.70167 0.67305 0.64882 0.66423 0.68273 0.6882 0.6839 0.67033 0.6545 0.67688 0.68607 0.6884 0.70414 0.70329 0.69026 0.6748 0.65873 0.64012 0.61287 0.57478 0.54814 0.53417 0.50786 0.48394
0.036727 0.11993 0.1887 0.2489 0.28848 0.33991 0.37972 0.43122 0.45004 0.44741 0.46404 0.47332 0.47363 0.47818 0.48588 0.49946 0.51955 0.55488 0.55808 0.57945 0.64921 0.72914 0.79345 0.84959 0.84659 0.82799 0.82887 0.81131 0.79525 0.78148 0.73341 0.70911 0.69252 0.65509 0.61496 0.57425 0.51778 0.49483 0.49131 0.48777
0.037907 0.13599 0.22611 0.32204 0.37893 0.40447 0.43897 0.49981 0.55309 0.55744 0.57155 0.57138 0.56986 0.57198 0.59029 0.60476 0.61806 0.68794 0.72919 0.71668 0.72129 0.74052 0.78443 0.82971 0.86194 0.86916 0.9001 0.90101 0.91802 0.95694 0.94547 0.93658 0.9286 0.87858 0.82765 0.79478 0.72705 0.67728 0.67285 0.65103
0.03717 0.13077 0.21998 0.32933 0.41705 0.46755 0.48651 0.51383 0.54412 0.56028 0.59003 0.60378 0.59352 0.59534 0.59299 0.57414 0.56736 0.64401 0.74735 0.77387 0.74622 0.6962 0.65804 0.64016 0.66022 0.69269 0.72917 0.75413 0.77475 0.85193 0.92845 0.97427 1 0.96981 0.91711 0.90396 0.8652 0.81639 0.78725 0.74958
0.035549 0.12934 0.20602 0.29729 0.38116 0.46846 0.51148 0.55186 0.55748 0.54355 0.55344 0.54621 0.52276 0.53742 0.53747 0.52754 0.51793 0.53499 0.60993 0.68592 0.71551 0.71507 0.69784 0.71413 0.69779 0.64879 0.59461 0.55697 0.53738 0.54355 0.61119 0.68304 0.70895 0.71937 0.71342 0.71908 0.72992 0.71664 0.6685 0.63459
0.032286 0.13997 0.25271 0.343 0.42659 0.51773 0.57967 0.61623 0.64418 0.62226 0.59634 0.59563 0.58954 0.6053 0.6162 0.6177 0.6272 0.60805 0.60656 0.62858 0.67087 0.71738 0.75583 0.76401 0.75109 0.69992 0.64398 0.58796 0.53895 0.50858 0.50707 0.54134 0.56711 0.59193 0.61891 0.62096 0.62515 0.61577 0.58435 0.55446
0.027133 0.11686 0.22906 0.32654 0.4129 0.47657 0.51768 0.53108 0.55608 0.5672 0.54612 0.54436 0.57438 0.61453 0.63632 0.66905 0.69413 0.70026 0.69027 0.64578 0.6243 0.63363 0.67087 0.698 0.7272 0.71493 0.67029 0.6279 0.58686 0.56671 0.55357 0.54043 0.51213 0.48403 0.48654 0.48605 0.47563 0.47905 0.48702 0.46866
0.021683 0.082517 0.13445 0.2032 0.2786 0.34137 0.37624 0.40587 0.42711 0.46394 0.47343 0.45844 0.47184 0.512 0.56189 0.61009 0.62654 0.63378 0.64651 0.63536 0.60678 0.57516 0.54073 0.52937 0.56466 0.59241 0.57406 0.55014 0.51191 0.47893 0.47551 0.46964 0.45919 0.4552 0.48123 0.50702 0.50341 0.49701 0.50367 0.49474
0.015597 0.076163 0.14328 0.19747 0.24486 0.27579 0.3179 0.378 0.40444 0.41681 0.41613 0.39653 0.38487 0.36857 0.39845 0.41226 0.40637 0.41253 0.41621 0.40958 0.40262 0.40697 0.41136 0.41732 0.42047 0.43309 0.41891 0.40904 0.38344 0.3519 0.33173 0.31968 0.31525 0.3285 0.36998 0.40431 0.40329 0.39677 0.38038 0.35933
0.010121 0.057991 0.12508 0.1992 0.25714 0.30536 0.36713 0.44531 0.49804 0.50597 0.5033 0.49192 0.48439 0.46573 0.47148 0.48825 0.47554 0.45888 0.42667 0.40203 0.39569 0.37789 0.35354 0.32286 0.29886 0.28837 0.28016 0.27333 0.27114 0.25462 0.23984 0.24378 0.24817 0.24151 0.24599 0.24703 0.23911 0.24092 0.24488 0.24433
0.0070117 0.054065 0.1055 0.18188 0.24217 0.30698 0.36972 0.39546 0.41263 0.39924 0.38915 0.36854 0.34653 0.34098 0.33745 0.34868 0.35018 0.34036 0.33427 0.32522 0.33768 0.33463 0.3139 0.2849 0.26222 0.24122 0.23865 0.23675 0.2373 0.22914 0.21945 0.21894 0.21469 0.21108 0.21292 0.22403 0.23814 0.25673 0.25927 0.25732
0.0064935 0.063425 0.1242 0.20347 0.27353 0.33579 0.39621 0.42434 0.42476 0.41181 0.39985 0.37426 0.33782 0.32356 0.31126 0.30141 0.28906 0.27674 0.28428 0.28229 0.28189 0.29109 0.28874 0.26631 0.24591 0.22824 0.22685 0.22149 0.20577 0.1909 0.17605 0.15797 0.14508 0.14624 0.15585 0.16949 0.19899 0.23552 0.25552 0.25609
0.0073261 0.0627 0.13173 0.21229 0.30418 0.37104 0.40595 0.43182 0.43916 0.4257 0.41743 0.39267 0.35908 0.33291 0.31975 0.31272 0.3099 0.30347 0.30503 0.31074 0.29695 0.28915 0.28912 0.27177 0.25549 0.23754 0.22819 0.20869 0.18463 0.17072 0.16211 0.14785 0.13921 0.13926 0.14479 0.15221 0.16222 0.17586 0.1798 0.17289
0.0082165 0.053417 0.09021 0.14066 0.21422 0.29597 0.35034 0.38485 0.41393 0.42253 0.41313 0.38423 0.35528 0.32656 0.32289 0.3232 0.32688 0.32651 0.31912 0.31426 0.30086 0.27611 0.26165 0.24825 0.23477 0.22094 0.22048 0.21273 0.19507 0.18602 0.1881 0.18114 0.1744 0.16581 0.15346 0.14373 0.13296 0.12755 0.12613 0.12014
0.0088417 0.057224 0.11565 0.16991 0.24701 0.32837 0.38214 0.42636 0.43066 0.42061 0.39717 0.36137 0.33618 0.31207 0.31242 0.31376 0.29478 0.27522 0.26734 0.25718 0.25103 0.23803 0.23215 0.23475 0.22934 0.21966 0.2279 0.23291 0.22504 0.21638 0.21128 0.20291 0.19494 0.18354 0.17125 0.16018 0.15221 0.14641 0.14258 0.13643
0.0085739 0.053975 0.11912 0.18237 0.28544 0.38889 0.45524 0.5096 0.51668 0.4873 0.45338 0.40483 0.36948 0.33438 0.30835 0.27932 0.25583 0.23421 0.23504 0.23524 0.23082 0.22024 0.20525 0.19731 0.19471 0.19025 0.19827 0.19744 0.19595 0.19298 0.1899 0.18761 0.18387 0.17629 0.17039 0.16329 0.15926 0.15467 0.15842 0.15965
0.0070892 0.032839 0.084662 0.1159 0.18639 0.27368 0.35379 0.39114 0.39481 0.37622 0.34653 0.30848 0.2838 0.26145 0.248 0.22292 0.21761 0.20287 0.19825 0.19329 0.18064 0.16209 0.15602 0.14723 0.14671 0.14116 0.13792 0.13105 0.12774 0.12308 0.12365 0.12371 0.13362 0.13045 0.13211 0.12544 0.12147 0.11923 0.13248 0.13242
