2.5419e-005,5.1984e-005,7.585e-005,8.9945e-005,9.6082e-005,9.7452e-005,9.3251e-005,8.6442e-005,8.0165e-005,7.4633e-005,6.918e-005,6.487e-005,6.2492e-005,6.0171e-005,5.8018e-005,5.4806e-005,5.4265e-005,5.5035e-005,5.5059e-005,5.5862e-005,5.6204e-005,5.6051e-005,5.4585e-005,5.3792e-005,5.3566e-005,5.3535e-005,5.411e-005,5.5618e-005,5.7772e-005,5.9876e-005,6.085e-005,6.2878e-005,6.4637e-005,6.4505e-005,6.5199e-005,6.5316e-005,6.556e-005,6.6554e-005,6.8693e-005,7.049e-005
1.606e-005,3.1235e-005,4.4453e-005,5.3885e-005,5.8881e-005,6.0624e-005,5.8566e-005,5.5339e-005,5.1705e-005,4.8439e-005,4.5716e-005,4.3211e-005,4.2064e-005,4.1373e-005,4.0826e-005,3.9508e-005,3.9448e-005,3.932e-005,3.7934e-005,3.6593e-005,3.5806e-005,3.543e-005,3.4442e-005,3.3615e-005,3.3534e-005,3.4212e-005,3.6262e-005,3.8323e-005,3.9525e-005,4.0873e-005,4.1919e-005,4.2995e-005,4.4481e-005,4.5148e-005,4.6342e-005,4.682e-005,4.6757e-005,4.6735e-005,4.7211e-005,4.7712e-005
1.414e-005,2.7769e-005,4.0456e-005,4.9458e-005,5.3915e-005,5.5047e-005,5.3823e-005,5.1633e-005,4.8808e-005,4.5885e-005,4.4e-005,4.3179e-005,4.3464e-005,4.3286e-005,4.2435e-005,4.0647e-005,3.9466e-005,3.8458e-005,3.7145e-005,3.5766e-005,3.406e-005,3.3212e-005,3.2048e-005,3.1232e-005,3.1549e-005,3.2477e-005,3.4152e-005,3.5936e-005,3.7085e-005,3.7654e-005,3.8313e-005,3.8369e-005,3.9003e-005,4.0259e-005,4.1699e-005,4.1611e-005,4.0676e-005,4.0047e-005,4.032e-005,4.079e-005
1.2995e-005,2.5822e-005,3.727e-005,4.6409e-005,5.1552e-005,5.4169e-005,5.3839e-005,5.2119e-005,5.0344e-005,4.8098e-005,4.557e-005,4.3741e-005,4.2861e-005,4.2094e-005,4.103e-005,4.0081e-005,3.8775e-005,3.8697e-005,3.7886e-005,3.6922e-005,3.5457e-005,3.3854e-005,3.2605e-005,3.2761e-005,3.3294e-005,3.3603e-005,3.3753e-005,3.3515e-005,3.3908e-005,3.4843e-005,3.6367e-005,3.7093e-005,3.7532e-005,3.8513e-005,3.922e-005,3.9752e-005,4.0236e-005,4.0587e-005,4.0982e-005,4.1791e-005
1.2673e-005,2.7526e-005,3.7087e-005,4.3265e-005,4.7359e-005,4.9956e-005,4.9656e-005,4.8848e-005,4.7285e-005,4.4763e-005,4.227e-005,4.042e-005,3.9586e-005,3.9472e-005,3.8868e-005,3.8531e-005,3.7851e-005,3.8061e-005,3.8175e-005,3.8148e-005,3.7251e-005,3.5589e-005,3.4413e-005,3.4365e-005,3.4742e-005,3.4373e-005,3.3411e-005,3.2853e-005,3.3702e-005,3.4865e-005,3.6609e-005,3.7025e-005,3.705e-005,3.7891e-005,3.7936e-005,3.7426e-005,3.7189e-005,3.6738e-005,3.7759e-005,3.8789e-005
1.1747e-005,2.6948e-005,3.7571e-005,4.4705e-005,5.1317e-005,5.5857e-005,5.6311e-005,5.6257e-005,5.5003e-005,5.2611e-005,4.9635e-005,4.7751e-005,4.6771e-005,4.6006e-005,4.5016e-005,4.3651e-005,4.1839e-005,4.1113e-005,4.1514e-005,4.0914e-005,4.0191e-005,3.8712e-005,3.7955e-005,3.7527e-005,3.7381e-005,3.644e-005,3.4886e-005,3.3809e-005,3.2758e-005,3.2578e-005,3.2508e-005,3.2034e-005,3.2145e-005,3.395e-005,3.5416e-005,3.5809e-005,3.6269e-005,3.6543e-005,3.851e-005,4.0045e-005
9.3933e-006,2.2052e-005,3.2173e-005,4.0114e-005,4.7297e-005,5.1695e-005,5.2573e-005,5.2527e-005,5.1056e-005,4.8887e-005,4.627e-005,4.4148e-005,4.3609e-005,4.3644e-005,4.4698e-005,4.6585e-005,4.6611e-005,4.5881e-005,4.542e-005,4.4772e-005,4.415e-005,4.313e-005,4.2215e-005,4.1537e-005,4.0807e-005,4.0964e-005,4.0251e-005,3.9449e-005,3.9275e-005,3.9951e-005,4.0322e-005,4.0215e-005,4.0106e-005,4.1343e-005,4.2913e-005,4.343e-005,4.3977e-005,4.3523e-005,4.359e-005,4.2931e-005
1.06e-005,2.2946e-005,3.1851e-005,3.9209e-005,4.4466e-005,4.6478e-005,4.712e-005,4.7741e-005,4.7861e-005,4.6979e-005,4.5192e-005,4.3936e-005,4.4436e-005,4.5677e-005,4.7566e-005,5.0103e-005,5.0717e-005,5.1036e-005,5.1537e-005,5.183e-005,5.1751e-005,5.0853e-005,4.877e-005,4.7228e-005,4.5581e-005,4.4169e-005,4.2748e-005,4.1239e-005,4.0791e-005,4.0811e-005,4.1091e-005,4.0738e-005,4.0484e-005,4.2878e-005,4.4494e-005,4.5104e-005,4.5483e-005,4.4856e-005,4.4141e-005,4.3292e-005
9.9018e-006,2.3371e-005,3.4299e-005,4.1753e-005,4.706e-005,5.1511e-005,5.3261e-005,5.3862e-005,5.3583e-005,5.3055e-005,5.2221e-005,5.1063e-005,5.0455e-005,5.1704e-005,5.4202e-005,5.5962e-005,5.6133e-005,5.5772e-005,5.5316e-005,5.5037e-005,5.4118e-005,5.3472e-005,5.1534e-005,5.0464e-005,5.0053e-005,4.8832e-005,4.7349e-005,4.6958e-005,4.8014e-005,4.8769e-005,4.9854e-005,4.93e-005,4.8117e-005,4.928e-005,5.0143e-005,5.0674e-005,5.08e-005,4.9823e-005,4.8233e-005,4.6765e-005
6.5179e-006,1.7978e-005,2.8467e-005,3.6653e-005,4.2119e-005,4.7771e-005,5.1172e-005,5.3604e-005,5.482e-005,5.4833e-005,5.3346e-005,5.2126e-005,5.2661e-005,5.4312e-005,5.7065e-005,5.8396e-005,5.8147e-005,5.873e-005,5.803e-005,5.7764e-005,5.7348e-005,5.5782e-005,5.3677e-005,5.31e-005,5.3392e-005,5.3676e-005,5.2713e-005,5.2517e-005,5.2714e-005,5.2951e-005,5.3114e-005,5.1864e-005,5.1289e-005,5.3665e-005,5.5091e-005,5.6008e-005,5.6741e-005,5.6958e-005,5.5464e-005,5.3191e-005
7.0607e-006,2.1389e-005,3.3676e-005,4.2936e-005,4.9185e-005,5.3362e-005,5.5045e-005,5.6047e-005,5.5098e-005,5.4485e-005,5.3298e-005,5.3151e-005,5.4447e-005,5.6104e-005,5.7863e-005,5.7508e-005,5.6496e-005,5.609e-005,5.5119e-005,5.385e-005,5.294e-005,5.156e-005,4.8633e-005,4.711e-005,4.7589e-005,4.7945e-005,4.797e-005,4.8075e-005,4.8799e-005,4.9771e-005,5.0288e-005,4.9721e-005,5.0364e-005,5.1648e-005,5.196e-005,5.1247e-005,5.007e-005,4.9388e-005,4.8562e-005,4.7377e-005
6.7061e-006,1.8841e-005,3.1571e-005,4.1401e-005,4.8517e-005,5.4781e-005,5.7197e-005,5.9163e-005,5.864e-005,5.7603e-005,5.5719e-005,5.5673e-005,5.5596e-005,5.6092e-005,5.6241e-005,5.5656e-005,5.4826e-005,5.363e-005,5.3654e-005,5.2873e-005,5.0906e-005,4.9409e-005,4.6963e-005,4.6167e-005,4.6483e-005,4.598e-005,4.5483e-005,4.5333e-005,4.5155e-005,4.5432e-005,4.4989e-005,4.4374e-005,4.4612e-005,4.515e-005,4.5626e-005,4.5976e-005,4.6758e-005,4.6739e-005,4.6905e-005,4.7389e-005
7.9422e-006,1.9874e-005,3.376e-005,4.4772e-005,5.3144e-005,6.1938e-005,6.5827e-005,6.691e-005,6.5335e-005,6.328e-005,6.0601e-005,5.8621e-005,5.5797e-005,5.3867e-005,5.2462e-005,5.1492e-005,4.9628e-005,4.7782e-005,4.734e-005,4.6571e-005,4.5132e-005,4.432e-005,4.2692e-005,4.2533e-005,4.2063e-005,4.1397e-005,4.0583e-005,3.9775e-005,3.924e-005,3.9925e-005,4.0306e-005,3.9567e-005,4.0995e-005,4.1508e-005,4.1787e-005,4.2169e-005,4.4092e-005,4.4149e-005,4.3926e-005,4.3879e-005
1.1149e-005,2.4533e-005,3.9414e-005,5.075e-005,5.8982e-005,6.9161e-005,7.4563e-005,7.5592e-005,7.3903e-005,7.1569e-005,6.8326e-005,6.4609e-005,6.0592e-005,5.6799e-005,5.3304e-005,4.9571e-005,4.6403e-005,4.4179e-005,4.3082e-005,4.2298e-005,4.0906e-005,4.0151e-005,3.9878e-005,4.03e-005,4.1296e-005,4.2685e-005,4.4028e-005,4.437e-005,4.4293e-005,4.4189e-005,4.401e-005,4.3227e-005,4.324e-005,4.2824e-005,4.2112e-005,4.1932e-005,4.2679e-005,4.1926e-005,4.0049e-005,3.9073e-005
1.197e-005,2.6956e-005,4.1778e-005,5.3997e-005,6.3186e-005,6.8959e-005,7.2292e-005,7.2823e-005,7.0958e-005,6.878e-005,6.5776e-005,6.3396e-005,6.1115e-005,5.8787e-005,5.7117e-005,5.4215e-005,5.1536e-005,4.9122e-005,4.6874e-005,4.5056e-005,4.367e-005,4.2747e-005,4.2673e-005,4.2308e-005,4.1942e-005,4.2282e-005,4.2739e-005,4.2508e-005,4.2686e-005,4.2649e-005,4.2069e-005,4.1275e-005,4.0787e-005,4.0511e-005,4.0072e-005,4.0088e-005,4.1612e-005,4.1941e-005,4.0629e-005,3.937e-005
1.0674e-005,2.3959e-005,3.8836e-005,5.0888e-005,5.9664e-005,6.5174e-005,6.6647e-005,6.6079e-005,6.4362e-005,6.246e-005,6.0362e-005,5.9482e-005,5.9242e-005,5.7718e-005,5.7082e-005,5.5671e-005,5.4074e-005,5.2545e-005,5.0943e-005,4.9789e-005,4.8138e-005,4.6851e-005,4.5372e-005,4.413e-005,4.3058e-005,4.2784e-005,4.275e-005,4.2484e-005,4.1598e-005,4.0518e-005,4.0402e-005,4.0732e-005,4.0869e-005,4.0971e-005,4.0406e-005,3.9948e-005,3.998e-005,3.9778e-005,3.8528e-005,3.8229e-005
1.221e-005,2.5617e-005,4.0078e-005,5.1801e-005,5.97e-005,6.7192e-005,7.0354e-005,6.9906e-005,6.816e-005,6.5885e-005,6.3427e-005,6.2176e-005,6.3791e-005,6.4246e-005,6.452e-005,6.2948e-005,6.1138e-005,5.9812e-005,5.8272e-005,5.6981e-005,5.4689e-005,5.3287e-005,5.2567e-005,5.2983e-005,5.1493e-005,5.1451e-005,5.165e-005,5.2088e-005,5.093e-005,4.9809e-005,4.998e-005,5.0549e-005,5.0556e-005,5.0475e-005,4.9819e-005,4.898e-005,4.8604e-005,4.8287e-005,4.6696e-005,4.5368e-005
9.5628e-006,2.3227e-005,4.0253e-005,5.2272e-005,6.0543e-005,6.9799e-005,7.4755e-005,7.5382e-005,7.3321e-005,7.1951e-005,7.0205e-005,6.7047e-005,6.7088e-005,6.6808e-005,6.8022e-005,6.7297e-005,6.7497e-005,6.7614e-005,6.7894e-005,6.7067e-005,6.4137e-005,6.2126e-005,6.237e-005,6.4188e-005,6.3682e-005,6.2219e-005,6.1132e-005,6.0284e-005,5.8231e-005,5.6718e-005,5.6969e-005,5.7304e-005,5.7003e-005,5.6568e-005,5.6305e-005,5.52e-005,5.4898e-005,5.5984e-005,5.5104e-005,5.2817e-005
9.3551e-006,2.4065e-005,3.932e-005,5.0569e-005,5.807e-005,6.6297e-005,7.0263e-005,7.2056e-005,7.0546e-005,6.9634e-005,7.031e-005,6.8917e-005,6.835e-005,6.9286e-005,7.1736e-005,7.3265e-005,7.5154e-005,7.7171e-005,7.924e-005,7.7922e-005,7.4862e-005,7.22e-005,7.0757e-005,7.2954e-005,7.2851e-005,7.1781e-005,7.1137e-005,7.0594e-005,6.8869e-005,6.7776e-005,6.7796e-005,6.8276e-005,6.793e-005,6.7768e-005,6.8255e-005,6.7412e-005,6.6665e-005,6.7516e-005,6.7342e-005,6.5253e-005
1.0848e-005,2.7817e-005,4.4948e-005,5.9382e-005,6.7532e-005,7.2068e-005,7.235e-005,7.151e-005,6.8782e-005,6.6004e-005,6.6183e-005,6.5463e-005,6.6813e-005,6.918e-005,7.3579e-005,7.7058e-005,8.2303e-005,8.5381e-005,8.6599e-005,8.4782e-005,8.1564e-005,7.9225e-005,7.6667e-005,7.6455e-005,7.4245e-005,7.2338e-005,7.2637e-005,7.4008e-005,7.338e-005,7.2205e-005,7.1882e-005,7.1979e-005,7.2198e-005,7.1994e-005,7.2645e-005,7.2629e-005,7.4014e-005,7.5745e-005,7.4434e-005,7.1987e-005
9.4307e-006,2.2557e-005,3.7042e-005,5.1869e-005,6.0933e-005,6.5904e-005,6.6472e-005,6.558e-005,6.3757e-005,6.142e-005,5.9261e-005,5.921e-005,6.4224e-005,6.7596e-005,7.0554e-005,7.4011e-005,8.237e-005,8.8161e-005,9.0663e-005,9.0671e-005,8.9358e-005,8.8199e-005,8.5663e-005,8.3228e-005,8.0267e-005,7.7434e-005,7.5949e-005,7.6129e-005,7.6043e-005,7.5762e-005,7.4513e-005,7.3118e-005,7.2011e-005,7.0218e-005,7.1635e-005,7.2928e-005,7.6695e-005,8.004e-005,7.7976e-005,7.5197e-005
7.445e-006,2.081e-005,3.4928e-005,4.858e-005,5.9414e-005,6.4503e-005,6.5319e-005,6.3999e-005,6.2084e-005,5.9844e-005,5.7353e-005,5.8122e-005,6.3782e-005,6.8029e-005,7.1084e-005,7.6682e-005,8.4979e-005,9.3431e-005,9.6926e-005,9.9491e-005,0.00010051,0.00010031,9.9197e-005,9.6575e-005,9.2644e-005,9.0367e-005,9.0388e-005,8.9685e-005,8.9757e-005,8.9017e-005,8.7169e-005,8.5417e-005,8.3378e-005,8.048e-005,7.98e-005,8.0089e-005,8.301e-005,8.5424e-005,8.3857e-005,8.1903e-005
6.4979e-006,1.8965e-005,3.2981e-005,4.6076e-005,5.84e-005,6.4783e-005,6.7263e-005,6.7045e-005,6.7545e-005,6.6685e-005,6.4586e-005,6.2686e-005,6.3568e-005,6.5477e-005,6.8419e-005,7.473e-005,7.9326e-005,8.4518e-005,8.7153e-005,9.1977e-005,9.8625e-005,0.00010201,0.0001038,0.00010388,0.00010058,9.7475e-005,9.5534e-005,9.3655e-005,9.2399e-005,9.0411e-005,8.711e-005,8.5344e-005,8.4344e-005,8.3518e-005,8.2643e-005,8.34e-005,8.5374e-005,8.6608e-005,8.5678e-005,8.5889e-005
6.3051e-006,1.7139e-005,2.972e-005,3.98e-005,5.2923e-005,6.1555e-005,6.6898e-005,6.9394e-005,7.2005e-005,7.2738e-005,7.1063e-005,6.8392e-005,6.886e-005,7.3049e-005,7.7298e-005,8.0888e-005,8.4139e-005,8.5703e-005,8.7294e-005,9.0454e-005,9.5734e-005,9.9765e-005,0.00010334,0.00010694,0.00010616,0.00010205,9.8244e-005,9.5473e-005,9.329e-005,9.1284e-005,8.9156e-005,8.7583e-005,8.653e-005,8.6055e-005,8.596e-005,8.7758e-005,8.7875e-005,8.6612e-005,8.4461e-005,8.3113e-005
7.5113e-006,1.9755e-005,3.1804e-005,4.152e-005,5.2141e-005,6.0792e-005,6.7149e-005,7.1942e-005,7.5362e-005,7.922e-005,8.121e-005,8.0408e-005,8.2364e-005,8.7045e-005,9.2708e-005,9.7213e-005,0.00010284,0.00010409,0.00010278,0.00010162,0.00010317,0.00010479,0.00010608,0.00011044,0.0001117,0.00010815,0.00010323,9.9705e-005,9.754e-005,9.5557e-005,9.2714e-005,9.1168e-005,9.0196e-005,8.9705e-005,8.9452e-005,8.9515e-005,8.7647e-005,8.5075e-005,8.1203e-005,7.639e-005
8.4464e-006,2.243e-005,3.4253e-005,4.4461e-005,5.1917e-005,5.6346e-005,5.9469e-005,6.2771e-005,6.5834e-005,7.0759e-005,7.5994e-005,7.7225e-005,7.8876e-005,7.961e-005,8.4218e-005,9.0767e-005,0.00010027,0.00010319,0.00010094,9.733e-005,9.6895e-005,9.9826e-005,0.00010344,0.00010781,0.00010951,0.00010695,0.00010444,0.00010315,0.00010232,0.00010157,9.8015e-005,9.4334e-005,9.1963e-005,8.8871e-005,8.9353e-005,9.1037e-005,9.1128e-005,8.9544e-005,8.6626e-005,8.2317e-005
8.7046e-006,2.5505e-005,3.9751e-005,5.1958e-005,5.9891e-005,6.3534e-005,6.5267e-005,6.7774e-005,7.0819e-005,7.3806e-005,8.0298e-005,8.309e-005,8.5553e-005,8.4782e-005,8.3181e-005,8.2212e-005,8.1839e-005,8.0468e-005,7.9844e-005,7.9646e-005,8.0146e-005,8.7078e-005,9.3518e-005,9.4936e-005,9.8165e-005,0.00010061,0.00010318,0.00010539,0.00010361,0.00010241,9.9529e-005,9.4812e-005,9.222e-005,9.0419e-005,9.283e-005,9.3263e-005,9.3201e-005,9.1263e-005,8.8799e-005,8.6237e-005
7.9844e-006,2.6984e-005,4.5441e-005,5.9478e-005,6.803e-005,7.2765e-005,7.4177e-005,7.4622e-005,7.6986e-005,7.9668e-005,8.6165e-005,9.0911e-005,9.4033e-005,9.3722e-005,9.1672e-005,8.9956e-005,8.7832e-005,8.6637e-005,8.6672e-005,8.9791e-005,9.1063e-005,9.2272e-005,9.1772e-005,8.9875e-005,9.2685e-005,9.6333e-005,9.7563e-005,9.8396e-005,9.7094e-005,9.6059e-005,9.6987e-005,9.5526e-005,9.6195e-005,9.8864e-005,0.00010236,0.00010156,0.00010078,9.9169e-005,9.7165e-005,9.2744e-005
6.8844e-006,1.9734e-005,3.7121e-005,5e-005,6.2056e-005,7.196e-005,7.829e-005,8.0405e-005,8.4747e-005,8.6936e-005,8.9996e-005,9.259e-005,9.2851e-005,9.3037e-005,9.2783e-005,9.3334e-005,9.2131e-005,9.3954e-005,9.6933e-005,0.00010241,0.00010505,0.00010342,0.00010076,9.7397e-005,9.7813e-005,9.8551e-005,9.627e-005,9.3867e-005,9.2919e-005,9.22e-005,9.8133e-005,0.00010226,0.00010604,0.00010647,0.0001051,0.00010132,9.8697e-005,9.773e-005,9.634e-005,9.3008e-005
6.6422e-006,1.7747e-005,3.2434e-005,4.5311e-005,5.8584e-005,7.2571e-005,8.332e-005,8.9613e-005,9.6735e-005,0.00010089,0.00010217,0.0001017,9.9612e-005,0.00010287,0.00010551,0.00010671,0.00010467,0.00010755,0.00011197,0.00011353,0.00011762,0.00011831,0.00011489,0.00011045,0.00010835,0.00010624,0.00010169,9.9139e-005,0.00010109,0.00010154,0.00010675,0.00011032,0.00011345,0.00011218,0.00011026,0.00010773,0.00010653,0.00010713,0.00010774,0.00010702
7.4799e-006,2.1053e-005,3.5816e-005,4.8868e-005,5.9648e-005,7.0089e-005,7.6447e-005,8.3276e-005,9.0492e-005,9.5909e-005,9.7935e-005,0.00010004,9.9986e-005,0.00010853,0.0001158,0.00011908,0.00011738,0.00011958,0.00012127,0.00012187,0.00012729,0.00013227,0.00013034,0.00012645,0.00012767,0.00012934,0.00012571,0.00012344,0.00012277,0.00012111,0.0001179,0.00011563,0.00011271,0.00011124,0.00011083,0.00011262,0.00011325,0.00011583,0.0001174,0.00011441
7.2755e-006,1.7919e-005,2.9826e-005,3.8279e-005,4.7714e-005,5.4821e-005,6.1018e-005,7.1705e-005,8.4153e-005,9.3577e-005,9.9881e-005,0.00010901,0.0001139,0.00011966,0.00012264,0.00012347,0.00012141,0.00012064,0.00011933,0.00011892,0.00011933,0.00012194,0.00012306,0.00012312,0.00013186,0.00014246,0.00014285,0.00014176,0.00013863,0.00013659,0.00013357,0.00013502,0.0001312,0.00013126,0.00013136,0.00013258,0.00013224,0.00013564,0.00014006,0.00013651
7.6679e-006,2.1231e-005,3.2968e-005,4.1356e-005,4.7855e-005,5.1555e-005,5.678e-005,6.724e-005,7.827e-005,8.7682e-005,9.49e-005,0.00010586,0.0001153,0.0001175,0.00011883,0.00012247,0.00012189,0.00012283,0.0001229,0.00012142,0.00011943,0.00011573,0.0001141,0.00011235,0.00011454,0.00011801,0.00011556,0.0001138,0.00011394,0.00011606,0.00011655,0.00012375,0.00012768,0.00013101,0.0001293,0.00012368,0.00012198,0.00012617,0.00013191,0.00013201
6.5557e-006,1.9433e-005,3.191e-005,4.3323e-005,4.9968e-005,5.4209e-005,6.073e-005,6.9681e-005,7.8064e-005,8.9348e-005,9.9461e-005,0.0001047,0.00011257,0.00011637,0.00011935,0.00012645,0.00012865,0.00012989,0.00013323,0.00013487,0.00013708,0.00013456,0.00013231,0.00012995,0.00012384,0.00011581,0.00010901,0.00010714,0.00010914,0.00011178,0.0001109,0.00011185,0.00011499,0.00011375,0.0001076,0.0001011,0.00010181,0.00010358,0.00010664,0.00010902
6.4934e-006,1.6687e-005,2.7772e-005,4.1935e-005,5.2332e-005,5.824e-005,6.4739e-005,7.5281e-005,8.3809e-005,9.2477e-005,0.00010417,0.0001107,0.00011765,0.00011862,0.00011817,0.00011808,0.00012312,0.0001252,0.00012818,0.00013127,0.00013706,0.0001396,0.00013604,0.0001325,0.00012527,0.00011776,0.00011424,0.00011179,0.00010907,0.00011086,0.00011069,0.00011089,0.00011164,0.00010964,0.00010448,0.00010195,0.00010144,9.7787e-005,9.52e-005,9.242e-005
7.8933e-006,2.0365e-005,3.3171e-005,4.3589e-005,5.2538e-005,5.8186e-005,6.1299e-005,6.6887e-005,7.7063e-005,8.7128e-005,9.4499e-005,0.00010124,0.00010675,0.00011118,0.0001155,0.00011827,0.00012291,0.00012583,0.00012421,0.00012162,0.00012116,0.00012364,0.00012331,0.00012107,0.00011571,0.00011221,0.0001169,0.00011471,0.00011154,0.00011113,0.00011129,0.0001071,0.00010362,9.9732e-005,9.4e-005,9.1484e-005,9.4271e-005,9.4762e-005,9.1221e-005,8.9039e-005
8.0617e-006,2.2625e-005,3.897e-005,5.0982e-005,6.2192e-005,7.0399e-005,7.5426e-005,7.788e-005,8.2792e-005,9.1544e-005,9.6848e-005,0.00010384,0.00011049,0.00011721,0.00012205,0.0001213,0.00011974,0.00011774,0.00011531,0.00011595,0.00011346,0.00011345,0.000117,0.00011701,0.00011538,0.00011401,0.00012275,0.00012609,0.00012936,0.00013277,0.00013586,0.00013237,0.00012798,0.00012305,0.00011622,0.00011079,0.00011055,0.00011306,0.00011125,0.00011107
9.2059e-006,2.8174e-005,4.7768e-005,6.4596e-005,7.7602e-005,8.8843e-005,9.5399e-005,9.8953e-005,0.00010011,0.00010133,0.00010444,0.00010575,0.00010841,0.00011013,0.00010885,0.00010752,0.0001063,0.00010487,0.00010707,0.00011388,0.00011714,0.00011788,0.00012671,0.00013412,0.00013832,0.00014062,0.0001411,0.00014303,0.00014451,0.00014801,0.0001499,0.00014666,0.0001452,0.00014369,0.00014018,0.00013953,0.00013499,0.00012912,0.00012412,0.00012147
8.8304e-006,2.6398e-005,4.485e-005,6.0709e-005,7.2053e-005,7.9787e-005,8.7376e-005,9.0727e-005,9.4208e-005,9.7728e-005,0.00010325,0.00010525,0.00010863,0.00010731,0.00010543,0.00010458,0.00010376,0.00010819,0.00011431,0.00011707,0.000113,0.00010732,0.00010656,0.00010904,0.00011409,0.00011728,0.00011915,0.00012257,0.00012363,0.00012495,0.00012906,0.00012605,0.00012691,0.00012812,0.00012753,0.00013337,0.00013592,0.00013547,0.00013163,0.00012807
9.6701e-006,2.3401e-005,3.5583e-005,4.7059e-005,6.02e-005,7.2511e-005,8.6852e-005,9.5294e-005,0.00010023,0.00010273,0.00010542,0.00010895,0.00011085,0.00011288,0.00011679,0.00011992,0.0001195,0.0001243,0.00013147,0.00013521,0.00013392,0.00012611,0.00012037,0.0001185,0.00011815,0.00012135,0.00012157,0.00011858,0.00011631,0.00011411,0.00011736,0.00011622,0.0001139,0.00011822,0.00012207,0.00012907,0.00013182,0.00013332,0.00012785,0.0001189
8.0531e-006,2.4875e-005,4.1377e-005,5.3553e-005,6.6357e-005,8.0971e-005,9.7387e-005,0.00010387,0.00010748,0.00011055,0.00011127,0.00011207,0.00011212,0.00011881,0.00012483,0.0001323,0.00013497,0.00013207,0.00012901,0.00012409,0.00012023,0.00011449,0.00011232,0.00011834,0.00012654,0.00013478,0.00013408,0.00012849,0.00012395,0.00012106,0.0001164,0.00011173,0.00010655,0.00010938,0.00011951,0.00012407,0.00012096,0.00011777,0.00011234,0.00010567
6.9715e-006,1.953e-005,3.535e-005,5.183e-005,6.6076e-005,7.8616e-005,8.8683e-005,9.4315e-005,9.4279e-005,9.8045e-005,0.00010114,0.0001019,0.00010276,0.00010939,0.00011364,0.00011706,0.00012373,0.00012598,0.00012741,0.0001257,0.00012692,0.00013015,0.00012772,0.00012635,0.00012524,0.00012419,0.00012177,0.00011816,0.00011403,0.00011512,0.00011567,0.00011738,0.00011947,0.00012291,0.00012888,0.00012589,0.00011902,0.00011228,0.00010359,9.4921e-005
6.0027e-006,1.575e-005,2.7437e-005,3.9555e-005,4.9151e-005,6.1398e-005,7.0999e-005,8.3364e-005,8.9601e-005,9.7334e-005,0.00010433,0.00010576,0.00010863,0.00011219,0.0001183,0.00011985,0.00012091,0.00012326,0.00012607,0.00012962,0.00013132,0.00013862,0.00013966,0.00013397,0.00012715,0.00012261,0.00012055,0.00011924,0.00011598,0.00011272,0.000113,0.00012221,0.00013575,0.00014346,0.00014766,0.00014582,0.0001404,0.00013378,0.00012429,0.00011189
6.2561e-006,1.9167e-005,3.4344e-005,4.6555e-005,5.3503e-005,5.819e-005,6.2653e-005,7.0772e-005,7.9071e-005,8.3179e-005,8.6646e-005,8.7465e-005,9.3098e-005,9.8128e-005,9.8383e-005,0.00010046,0.00010239,0.00010311,0.00010323,0.00010491,0.00010549,0.00010565,0.00010452,0.00010163,9.6858e-005,9.3434e-005,9.2099e-005,9.2506e-005,9.6043e-005,9.7745e-005,9.7522e-005,0.00010527,0.00011817,0.00012209,0.00012135,0.0001217,0.00012486,0.00012768,0.00012586,0.00011737
7.3494e-006,2.3866e-005,4.1782e-005,6.075e-005,7.1504e-005,7.5139e-005,7.9394e-005,7.9798e-005,8.1707e-005,8.2001e-005,8.3678e-005,8.2728e-005,8.7347e-005,8.8823e-005,8.8027e-005,8.9761e-005,9.0044e-005,8.7409e-005,8.7125e-005,8.6455e-005,8.5674e-005,8.6516e-005,8.6422e-005,8.9064e-005,9.146e-005,9.32e-005,9.0317e-005,8.8358e-005,8.8954e-005,9.1932e-005,9.3514e-005,9.1671e-005,9.0459e-005,8.7632e-005,8.3583e-005,8.3144e-005,9.0024e-005,9.8447e-005,0.00010487,0.0001057
7.7903e-006,2.0734e-005,3.5052e-005,5.0054e-005,5.9041e-005,6.431e-005,6.8196e-005,7.1267e-005,7.6502e-005,8.2198e-005,8.4988e-005,8.3605e-005,8.3231e-005,8.2363e-005,7.9063e-005,7.6713e-005,7.5606e-005,7.2188e-005,6.8979e-005,6.7748e-005,6.6159e-005,6.761e-005,7.0416e-005,7.448e-005,7.8754e-005,8.1172e-005,8.139e-005,8.1953e-005,8.406e-005,9.2264e-005,9.5762e-005,9.5056e-005,9.4881e-005,9.5117e-005,9.2268e-005,8.5269e-005,8.3491e-005,8.5751e-005,9.2779e-005,9.8931e-005
8.1708e-006,1.9862e-005,3.1817e-005,4.2842e-005,5.2493e-005,6.1478e-005,6.5086e-005,7.0038e-005,7.5709e-005,8.6374e-005,9.2609e-005,9.4162e-005,9.2841e-005,9.283e-005,8.982e-005,8.9214e-005,9.39e-005,9.6197e-005,9.3763e-005,9.117e-005,8.8226e-005,8.4839e-005,8.3902e-005,8.1915e-005,8.2496e-005,8.4123e-005,8.5562e-005,8.867e-005,9.4287e-005,9.8691e-005,0.0001022,0.00010022,9.9654e-005,0.00010338,0.00010729,0.00010314,0.00010221,0.00011025,0.00011642,0.00011963
8.4243e-006,2.6115e-005,4.4576e-005,5.7142e-005,6.62e-005,7.2662e-005,7.5706e-005,8.261e-005,8.805e-005,9.1513e-005,9.264e-005,9.7396e-005,0.0001016,0.00010412,0.00010608,0.00010693,0.00011066,0.0001152,0.00011577,0.00011602,0.00011531,0.00011167,0.00011051,0.00010937,0.00010966,0.00011072,0.00011259,0.00011553,0.00011785,0.00011602,0.00011446,0.00010995,0.00010633,0.00010638,0.00011194,0.00011242,0.000112,0.00011346,0.00011242,0.00011321
8.3213e-006,2.9035e-005,5.0041e-005,6.8595e-005,8.1514e-005,8.908e-005,9.149e-005,9.4883e-005,9.684e-005,9.2577e-005,9.1837e-005,0.00010186,0.00011495,0.00012034,0.00012508,0.00012968,0.00012776,0.00012286,0.00011978,0.00011659,0.00011868,0.00011597,0.00011224,0.00010988,0.00010856,0.00010797,0.00010687,0.00010952,0.00011184,0.00011018,0.00010702,0.00010206,9.9041e-005,9.8753e-005,0.00010411,0.00011291,0.0001161,0.00011282,0.00010889,0.00010386
7.4459e-006,2.2034e-005,3.4488e-005,5.1027e-005,6.6545e-005,7.7251e-005,8.3747e-005,8.7218e-005,9.1003e-005,9.0401e-005,9.0925e-005,9.5595e-005,0.00010082,0.0001087,0.00011308,0.0001165,0.00011653,0.00011493,0.00011637,0.00011803,0.00011729,0.0001174,0.00011665,0.00011555,0.00011742,0.00011632,0.00011329,0.0001135,0.00011082,0.00010941,0.00010858,0.00010342,0.00010064,9.8768e-005,9.9304e-005,0.00010795,0.0001184,0.00011944,0.00011593,0.00010964
5.3716e-006,1.4396e-005,2.5099e-005,3.4317e-005,4.5064e-005,5.5078e-005,6.1751e-005,6.5554e-005,7.333e-005,8.0995e-005,8.4749e-005,8.756e-005,8.6099e-005,8.9735e-005,9.4471e-005,9.7972e-005,0.00010001,0.00010114,0.00010338,0.00010848,0.00011288,0.00011954,0.00012567,0.00012905,0.00013305,0.00013359,0.00012966,0.00012726,0.00012187,0.00011537,0.00011083,0.00010331,9.7878e-005,0.00010006,9.992e-005,0.00010153,0.00010517,0.0001044,0.00010133,0.00010052
4.3929e-006,1.3523e-005,2.3265e-005,3.2569e-005,4.3695e-005,5.2019e-005,5.6498e-005,5.7736e-005,5.9383e-005,6.0033e-005,6.2045e-005,6.368e-005,6.5334e-005,6.6376e-005,7.4235e-005,8.7339e-005,9.8201e-005,0.00010314,0.00010224,9.8953e-005,9.5558e-005,9.3849e-005,9.1873e-005,9.1328e-005,9.0674e-005,9.0413e-005,9.1705e-005,9.059e-005,9.0955e-005,8.7689e-005,8.4724e-005,7.8107e-005,7.2395e-005,7.6128e-005,8.1161e-005,8.2941e-005,8.3145e-005,7.996e-005,7.8454e-005,8.0732e-005
4.3648e-006,1.6068e-005,2.8396e-005,4.1799e-005,5.478e-005,6.8697e-005,7.7617e-005,8.1514e-005,8.4414e-005,8.637e-005,9.0707e-005,9.2863e-005,9.7022e-005,9.7512e-005,9.9754e-005,0.00010708,0.00010753,0.00010728,0.00010564,0.00010165,9.6223e-005,9.0575e-005,8.5015e-005,8.3092e-005,8.2548e-005,8.2179e-005,8.7314e-005,9.1272e-005,9.4726e-005,9.4799e-005,9.5537e-005,9.1108e-005,8.4969e-005,8.3799e-005,8.4586e-005,8.5455e-005,8.1967e-005,7.6854e-005,7.4776e-005,7.2117e-005
4.9487e-006,1.8833e-005,3.6854e-005,5.4495e-005,6.8187e-005,7.8729e-005,9.0562e-005,9.6803e-005,0.00010491,0.00011625,0.00012774,0.00013725,0.00014448,0.00014258,0.00013659,0.00013166,0.0001264,0.0001229,0.00012253,0.00012116,0.00011686,0.00011245,0.00010813,0.00010253,0.00010167,0.00010145,0.00010478,0.000112,0.00011829,0.00011982,0.00012098,0.00011797,0.0001121,0.00010983,0.00010904,0.00010674,0.00010169,9.5087e-005,9.0147e-005,8.4797e-005
5.6538e-006,1.9772e-005,3.5236e-005,4.9275e-005,6.1517e-005,7.3973e-005,8.6898e-005,9.4863e-005,0.0001034,0.00011565,0.00012922,0.00013695,0.00013883,0.00013479,0.00012809,0.0001207,0.00011768,0.00011288,0.00010881,0.0001114,0.0001145,0.00011542,0.00011469,0.00011242,0.00010976,0.00011352,0.00011506,0.00011545,0.00011809,0.00011795,0.00011576,0.00011317,0.00011047,0.00010735,0.00010278,9.6396e-005,9.1927e-005,8.9585e-005,8.5173e-005,8.1161e-005
6.1594e-006,2.0113e-005,3.1647e-005,4.1742e-005,4.838e-005,5.7005e-005,6.3682e-005,7.2319e-005,7.5476e-005,7.5034e-005,7.7824e-005,7.9379e-005,7.9431e-005,8.0195e-005,8.1485e-005,8.3764e-005,8.7133e-005,9.3057e-005,9.3594e-005,9.7178e-005,0.00010888,0.00012228,0.00013307,0.00014248,0.00014198,0.00013886,0.00013901,0.00013606,0.00013337,0.00013106,0.000123,0.00011892,0.00011614,0.00010986,0.00010313,9.6305e-005,8.6835e-005,8.2987e-005,8.2397e-005,8.1803e-005
6.3574e-006,2.2807e-005,3.792e-005,5.4009e-005,6.355e-005,6.7833e-005,7.3619e-005,8.3821e-005,9.2757e-005,9.3487e-005,9.5853e-005,9.5825e-005,9.557e-005,9.5925e-005,9.8997e-005,0.00010142,0.00010365,0.00011537,0.00012229,0.00012019,0.00012097,0.00012419,0.00013156,0.00013915,0.00014455,0.00014576,0.00015095,0.00015111,0.00015396,0.00016049,0.00015856,0.00015707,0.00015573,0.00014734,0.0001388,0.00013329,0.00012193,0.00011358,0.00011284,0.00010918
6.2338e-006,2.1931e-005,3.6893e-005,5.5231e-005,6.9943e-005,7.8412e-005,8.1591e-005,8.6173e-005,9.1253e-005,9.3963e-005,9.8952e-005,0.00010126,9.9537e-005,9.9843e-005,9.9449e-005,9.6288e-005,9.515e-005,0.00010801,0.00012534,0.00012978,0.00012515,0.00011676,0.00011036,0.00010736,0.00011072,0.00011617,0.00012229,0.00012647,0.00012993,0.00014287,0.00015571,0.00016339,0.00016771,0.00016264,0.00015381,0.0001516,0.0001451,0.00013691,0.00013203,0.00012571
5.9619e-006,2.1692e-005,3.4551e-005,4.9858e-005,6.3923e-005,7.8564e-005,8.5779e-005,9.2552e-005,9.3494e-005,9.1158e-005,9.2816e-005,9.1604e-005,8.7671e-005,9.0129e-005,9.0138e-005,8.8472e-005,8.6861e-005,8.9723e-005,0.00010229,0.00011503,0.00012,0.00011992,0.00011703,0.00011977,0.00011703,0.00010881,9.972e-005,9.3408e-005,9.0123e-005,9.1158e-005,0.0001025,0.00011455,0.0001189,0.00012064,0.00011965,0.0001206,0.00012241,0.00012019,0.00011211,0.00010643
5.4146e-006,2.3474e-005,4.2382e-005,5.7523e-005,7.1542e-005,8.6827e-005,9.7214e-005,0.00010335,0.00010803,0.00010436,0.00010001,9.9892e-005,9.887e-005,0.00010151,0.00010334,0.00010359,0.00010519,0.00010197,0.00010172,0.00010542,0.00011251,0.00012031,0.00012676,0.00012813,0.00012596,0.00011738,0.000108,9.8605e-005,9.0386e-005,8.5292e-005,8.5039e-005,9.0788e-005,9.5108e-005,9.927e-005,0.0001038,0.00010414,0.00010484,0.00010327,9.8e-005,9.2987e-005
4.5505e-006,1.9597e-005,3.8415e-005,5.4763e-005,6.9246e-005,7.9924e-005,8.6819e-005,8.9066e-005,9.3259e-005,9.5124e-005,9.1588e-005,9.1294e-005,9.6329e-005,0.00010306,0.00010672,0.0001122,0.00011641,0.00011744,0.00011576,0.0001083,0.0001047,0.00010626,0.00011251,0.00011706,0.00012196,0.0001199,0.00011241,0.0001053,9.8421e-005,9.5042e-005,9.2838e-005,9.0635e-005,8.5889e-005,8.1176e-005,8.1596e-005,8.1515e-005,7.9767e-005,8.034e-005,8.1676e-005,7.8598e-005
3.6364e-006,1.3839e-005,2.2549e-005,3.4077e-005,4.6723e-005,5.725e-005,6.3099e-005,6.8068e-005,7.1629e-005,7.7806e-005,7.9398e-005,7.6884e-005,7.9131e-005,8.5866e-005,9.4233e-005,0.00010232,0.00010508,0.00010629,0.00010842,0.00010655,0.00010176,9.646e-005,9.0685e-005,8.8779e-005,9.4698e-005,9.9351e-005,9.6275e-005,9.2262e-005,8.5852e-005,8.0321e-005,7.9746e-005,7.8763e-005,7.7009e-005,7.634e-005,8.0706e-005,8.5032e-005,8.4425e-005,8.3352e-005,8.4469e-005,8.2971e-005
2.6158e-006,1.2773e-005,2.403e-005,3.3117e-005,4.1064e-005,4.6251e-005,5.3314e-005,6.3393e-005,6.7828e-005,6.9903e-005,6.9789e-005,6.6501e-005,6.4546e-005,6.1812e-005,6.6824e-005,6.9139e-005,6.8151e-005,6.9184e-005,6.9801e-005,6.869e-005,6.7522e-005,6.8251e-005,6.8988e-005,6.9987e-005,7.0516e-005,7.2633e-005,7.0255e-005,6.8598e-005,6.4306e-005,5.9017e-005,5.5633e-005,5.3612e-005,5.2869e-005,5.5092e-005,6.2049e-005,6.7806e-005,6.7635e-005,6.6542e-005,6.3793e-005,6.0262e-005
1.6974e-006,9.7255e-006,2.0978e-005,3.3408e-005,4.3124e-005,5.1212e-005,6.1571e-005,7.4682e-005,8.3525e-005,8.4855e-005,8.4407e-005,8.2499e-005,8.1235e-005,7.8106e-005,7.9071e-005,8.1884e-005,7.9752e-005,7.6958e-005,7.1556e-005,6.7424e-005,6.636e-005,6.3374e-005,5.9291e-005,5.4146e-005,5.0122e-005,4.8361e-005,4.6986e-005,4.5839e-005,4.5473e-005,4.2702e-005,4.0223e-005,4.0884e-005,4.162e-005,4.0503e-005,4.1254e-005,4.1429e-005,4.0101e-005,4.0405e-005,4.1067e-005,4.0976e-005
1.1759e-006,9.0672e-006,1.7694e-005,3.0503e-005,4.0614e-005,5.1483e-005,6.2004e-005,6.6322e-005,6.9201e-005,6.6956e-005,6.5263e-005,6.1807e-005,5.8116e-005,5.7185e-005,5.6594e-005,5.8476e-005,5.8727e-005,5.708e-005,5.6059e-005,5.4542e-005,5.6632e-005,5.612e-005,5.2643e-005,4.778e-005,4.3977e-005,4.0455e-005,4.0023e-005,3.9704e-005,3.9797e-005,3.8429e-005,3.6804e-005,3.6718e-005,3.6005e-005,3.5399e-005,3.5709e-005,3.7572e-005,3.9938e-005,4.3055e-005,4.3481e-005,4.3155e-005
1.089e-006,1.0637e-005,2.083e-005,3.4124e-005,4.5873e-005,5.6315e-005,6.6447e-005,7.1165e-005,7.1235e-005,6.9064e-005,6.7057e-005,6.2766e-005,5.6655e-005,5.4264e-005,5.2201e-005,5.0549e-005,4.8477e-005,4.6412e-005,4.7676e-005,4.7343e-005,4.7274e-005,4.8818e-005,4.8423e-005,4.4662e-005,4.124e-005,3.8278e-005,3.8044e-005,3.7145e-005,3.451e-005,3.2015e-005,2.9526e-005,2.6492e-005,2.433e-005,2.4526e-005,2.6138e-005,2.8425e-005,3.3373e-005,3.9499e-005,4.2853e-005,4.2949e-005
1.2286e-006,1.0515e-005,2.2092e-005,3.5603e-005,5.1014e-005,6.2227e-005,6.8081e-005,7.2419e-005,7.365e-005,7.1393e-005,7.0007e-005,6.5853e-005,6.022e-005,5.5831e-005,5.3624e-005,5.2446e-005,5.1972e-005,5.0894e-005,5.1156e-005,5.2114e-005,4.9802e-005,4.8493e-005,4.8487e-005,4.5578e-005,4.2848e-005,3.9837e-005,3.8269e-005,3.5e-005,3.0964e-005,2.8632e-005,2.7187e-005,2.4796e-005,2.3347e-005,2.3355e-005,2.4282e-005,2.5526e-005,2.7205e-005,2.9493e-005,3.0155e-005,2.8996e-005
1.378e-006,8.9585e-006,1.5129e-005,2.359e-005,3.5926e-005,4.9636e-005,5.8755e-005,6.4542e-005,6.942e-005,7.0861e-005,6.9285e-005,6.4438e-005,5.9583e-005,5.4767e-005,5.4152e-005,5.4202e-005,5.482e-005,5.4759e-005,5.3519e-005,5.2704e-005,5.0456e-005,4.6306e-005,4.3881e-005,4.1633e-005,3.9372e-005,3.7054e-005,3.6977e-005,3.5676e-005,3.2715e-005,3.1197e-005,3.1546e-005,3.0379e-005,2.9248e-005,2.7807e-005,2.5736e-005,2.4105e-005,2.2298e-005,2.1391e-005,2.1153e-005,2.0149e-005
1.4828e-006,9.5969e-006,1.9395e-005,2.8495e-005,4.1426e-005,5.507e-005,6.4088e-005,7.1505e-005,7.2225e-005,7.0539e-005,6.6608e-005,6.0604e-005,5.6381e-005,5.2337e-005,5.2396e-005,5.262e-005,4.9437e-005,4.6157e-005,4.4835e-005,4.3131e-005,4.21e-005,3.9919e-005,3.8933e-005,3.937e-005,3.8462e-005,3.6839e-005,3.8221e-005,3.9061e-005,3.7741e-005,3.6289e-005,3.5433e-005,3.4029e-005,3.2692e-005,3.078e-005,2.8721e-005,2.6863e-005,2.5527e-005,2.4554e-005,2.3911e-005,2.2881e-005
1.4379e-006,9.052e-006,1.9977e-005,3.0585e-005,4.7871e-005,6.522e-005,7.6346e-005,8.5464e-005,8.6652e-005,8.1725e-005,7.6036e-005,6.7894e-005,6.1965e-005,5.6079e-005,5.1713e-005,4.6845e-005,4.2904e-005,3.928e-005,3.9418e-005,3.9452e-005,3.871e-005,3.6937e-005,3.4422e-005,3.309e-005,3.2655e-005,3.1906e-005,3.3251e-005,3.3113e-005,3.2863e-005,3.2364e-005,3.1848e-005,3.1464e-005,3.0836e-005,2.9566e-005,2.8575e-005,2.7385e-005,2.6709e-005,2.594e-005,2.6569e-005,2.6775e-005
1.1889e-006,5.5073e-006,1.4199e-005,1.9438e-005,3.1259e-005,4.5898e-005,5.9334e-005,6.5597e-005,6.6213e-005,6.3094e-005,5.8115e-005,5.1735e-005,4.7595e-005,4.3848e-005,4.1592e-005,3.7386e-005,3.6494e-005,3.4023e-005,3.3247e-005,3.2415e-005,3.0295e-005,2.7184e-005,2.6166e-005,2.4691e-005,2.4605e-005,2.3673e-005,2.3131e-005,2.1978e-005,2.1424e-005,2.0641e-005,2.0738e-005,2.0747e-005,2.2408e-005,2.1878e-005,2.2156e-005,2.1038e-005,2.0372e-005,1.9995e-005,2.2218e-005,2.2207e-005
